I
1050 Generated by WorldEditor 1.7.1r2

1    724 1 0 KBUF Buffalo Niagara Intl
1302 city Buffalo
1302 country United States
1302 datum_lat 42.940416667
1302 datum_lon -78.730583333
1302 faa_code BUF
1302 iata_code BUF
1302 icao_code KBUF
1302 region_code K6
1302 state New York
1302 transition_alt 18000
1302 transition_level 18000
100 45.72 1 1 0.25 1 2 1 05  42.93119900 -078.74168500  163   60 3 8 1 0 23  42.94864000 -078.71880200  221   60 3 2 0 1
100 45.72 1 0 0.25 0 2 1 14  42.94691791 -078.74169400   98   80 3 0 0 1 32  42.93518691 -078.72024200  220   80 3 8 0 0
110 1 0.00 139.0000 New Taxiway 1
111  42.94820009 -078.71805592
111  42.94814259 -078.71798674
111  42.94890041 -078.71696081
111  42.94891028 -078.71671802
113  42.94910034 -078.71686639
110 1 0.00 139.0000 New Taxiway 25
111  42.93851222 -078.74440599
111  42.93672848 -078.74441584
111  42.93672773 -078.73939209
111  42.93762903 -078.73961592
111  42.93760171 -078.74230618
113  42.93850859 -078.74228404
111  42.93806494 -078.74384323
111  42.93710931 -078.74384634
111  42.93709835 -078.74405464
113  42.93806410 -078.74406021
110 1 0.00 139.0000 New Taxiway 1
111  42.94380061 -078.73524110
112  42.94374255 -078.73524448  42.94372165 -078.73525400
111  42.94370796 -078.73534505
111  42.94329552 -078.73458002
112  42.94345782 -078.73465067  42.94348324 -078.73464884
113  42.94379491 -078.73464519
110 1 0.00 139.0000 New Taxiway 5
111  42.94559291 -078.72407507
111  42.94534645 -078.72370035
111  42.94537027 -078.72366259
111  42.94547701 -078.72381675
111  42.94557766 -078.72378758
111  42.94744235 -078.72096531
113  42.94769854 -078.72134028
110 1 0.00 45.0000 Term_Txiways
111  42.93095097 -078.74143156 102
111  42.93081384 -078.74123032 102
112  42.93065035 -078.74049813  42.93066883 -078.74009124 102
111  42.93066368 -078.73919268 102
111  42.93104956 -078.73861403 102
111  42.93152910 -078.73863126 102
111  42.93170431 -078.73889085
111  42.93212659 -078.73832259
111  42.93387590 -078.73598094
111  42.93845684 -078.72979734
111  42.93660824 -078.72670353 102
111  42.93670024 -078.72654026 102
112  42.93678138 -078.72623923  42.93678354 -078.72602562 102
111  42.93669144 -078.72587198 102
111  42.93627286 -078.72502234 102
111  42.93554087 -078.72374373 102
111  42.93470993 -078.72222890 102
112  42.93436445 -078.72130746  42.93440346 -078.72094186 102
111  42.93454262 -078.72079309 102
111  42.93497847 -078.72032598
111  42.93534874 -078.72100520 102
112  42.93510824 -078.72091338  42.93501382 -078.72097309 102
111  42.93497094 -078.72106780 102
112  42.93478056 -078.72136458  42.93477443 -078.72146494 102
111  42.93515695 -078.72226289 102
111  42.93564461 -078.72317273 102
111  42.93608861 -078.72399314 102
111  42.93633112 -078.72374350 102
111  42.93664987 -078.72338582
111  42.93701009 -078.72403512 102
112  42.93679242 -078.72400575  42.93672768 -078.72398681 102
112  42.93647286 -078.72436697  42.93642387 -078.72446315 102
111  42.93662865 -078.72485865 102
111  42.93679392 -078.72524014 102
111  42.93708765 -078.72581613 102
111  42.93757548 -078.72651613 102
112  42.93774023 -078.72652537  42.93783495 -078.72648590
111  42.93774023 -078.72652537
112  42.93774023 -078.72652537  42.93778759 -078.72650564 102
112  42.93804592 -078.72615870  42.93805537 -078.72611712 102
111  42.93806689 -078.72597108
111  42.93843944 -078.72665389 102
112  42.93832395 -078.72663262  42.93827953 -078.72663634 102
111  42.93813592 -078.72681570 102
112  42.93800163 -078.72712733  42.93800275 -078.72729448 102
111  42.93808012 -078.72748546 102
111  42.93858165 -078.72841036 102
111  42.93883286 -078.72882043 102
112  42.93898297 -078.72887647  42.93909665 -078.72882657 102
111  42.93918442 -078.72871233 102
111  42.93942397 -078.72845835
111  42.93982673 -078.72918550 102
112  42.93948178 -078.72912134  42.93937500 -078.72927394 102
111  42.93945425 -078.72944391 102
112  42.93970048 -078.72986622  42.93971374 -078.72987463 102
111  42.93974954 -078.72989002 102
111  42.93934326 -078.73041811 102
111  42.93923949 -078.73009212 102
111  42.93915847 -078.72994745 102
112  42.93889113 -078.72992433  42.93879893 -078.73001324 102
111  42.93807362 -078.73091865 102
111  42.93741558 -078.73184750 102
112  42.93727883 -078.73235344  42.93739193 -078.73256616 102
111  42.93768133 -078.73248256 102
111  42.93780616 -078.73243593
111  42.93733580 -078.73305315 102
112  42.93698481 -078.73304575  42.93693374 -078.73305030 102
111  42.93679050 -078.73304678 102
111  42.93678795 -078.73338929 102
112  42.93679544 -078.73367184  42.93680973 -078.73368160 102
111  42.93683186 -078.73371414
111  42.93644730 -078.73422742 102
111  42.93645486 -078.73320415 102
112  42.93643190 -078.73311938  42.93641308 -078.73310795 102
111  42.93636323 -078.73316008 102
111  42.93444622 -078.73574741 102
112  42.93435755 -078.73605185  42.93438970 -078.73625145 102
111  42.93456662 -078.73621216 102
111  42.93473587 -078.73619867 102
111  42.93498434 -078.73613451
111  42.93451113 -078.73676429 102
112  42.93438163 -078.73674414  42.93434577 -078.73675307 102
111  42.93420342 -078.73677099 102
111  42.93419342 -078.73719743
111  42.93385197 -078.73762624 102
111  42.93387168 -078.73668699 102
112  42.93385003 -078.73661042  42.93381331 -078.73655651 102
111  42.93376484 -078.73659901 102
111  42.93161234 -078.73941009 102
112  42.93117465 -078.74006414  42.93111319 -078.74024600 102
112  42.93106010 -078.74064680  42.93113549 -078.74086145 102
113  42.93126175 -078.74102061
111  42.93848128 -078.72930844 1 102
111  42.93833032 -078.72896001 1 102
112  42.93811801 -078.72847970  42.93807274 -078.72840028 1 102
111  42.93794345 -078.72821456 1 102
111  42.93769432 -078.72786545 1 102
112  42.93756132 -078.72775029  42.93753289 -078.72778942 1 102
111  42.93761123 -078.72797181 1 102
111  42.93772585 -078.72821853 1 102
112  42.93792994 -078.72868348  42.93796472 -078.72874890 1 102
111  42.93805890 -078.72888310 1 102
111  42.93822044 -078.72911489 1 102
111  42.93841422 -078.72939111 1 102
114  42.93851531 -078.72945732  42.93853640 -078.72942711 1 102
110 2 0.00 0.0000 N__GA_TxiWay
111  42.94380061 -078.73524110 20
111  42.94379491 -078.73464624 20 102
111  42.94445053 -078.73464687 20 102
111  42.94445067 -078.73486016 20
111  42.94582438 -078.73487129 20 102
112  42.94602258 -078.73476763  42.94606977 -078.73462880 20 102
111  42.94598629 -078.73448066 20 102
111  42.94592069 -078.73433237 20 102
111  42.94628400 -078.73406943 20
111  42.94640381 -078.73437614 20 102
111  42.94635127 -078.73432337 20 102
112  42.94619539 -078.73435319  42.94612910 -078.73442590 20 102
111  42.94618909 -078.73463377 20 102
111  42.94630210 -078.73490879 20 102
111  42.94638838 -078.73515467 20 102
111  42.94651594 -078.73545846 20 102
112  42.94669197 -078.73547020  42.94677014 -078.73540024 20 102
111  42.94674804 -078.73528241 20
111  42.94690007 -078.73568526 20 102
112  42.94672520 -078.73564691  42.94664321 -078.73569914 20 102
111  42.94668209 -078.73590506 20 102
111  42.94679528 -078.73620321 20 102
111  42.94696143 -078.73662532 20 102
111  42.94711717 -078.73702330 20 102
111  42.94721000 -078.73725536 20 102
112  42.94745386 -078.73750344  42.94759759 -078.73742168 20 102
111  42.94751975 -078.73726016 20 102
111  42.94758609 -078.73722890 20 106
111  42.94823736 -078.73674602 20 106
111  42.94878205 -078.73816439 20 106
111  42.94816347 -078.73862631 20 106
111  42.94803588 -078.73831444 20 106
111  42.94792935 -078.73803964 20 102
111  42.94770588 -078.73750279 20 102
111  42.94765610 -078.73754012 20 102
112  42.94752716 -078.73765901  42.94742113 -078.73777522 20 102
111  42.94745911 -078.73788133 20 102
112  42.94750816 -078.73809121  42.94753799 -078.73827867 20 102
111  42.94753983 -078.73868131 20 102
112  42.94756441 -078.74090165  42.94748581 -078.74114547 20 102
111  42.94740103 -078.74122080 20 102
111  42.94734701 -078.74128572 20 102
111  42.94725440 -078.74137754 20 102
111  42.94708390 -078.74152871 20
111  42.94682147 -078.74104461 20 102
112  42.94720046 -078.74109640  42.94742771 -078.74097373 20 102
111  42.94742913 -078.74062064 20 102
111  42.94743452 -078.73964349 20 102
111  42.94740145 -078.73843589 20 102
112  42.94729864 -078.73786273  42.94720733 -078.73764565 20 102
111  42.94707570 -078.73729388 20 102
111  42.94642834 -078.73564855 20 102
112  42.94620117 -078.73509802  42.94615743 -078.73505759 20 102
111  42.94599973 -078.73506806 20 102
111  42.94563781 -078.73506133 20 102
113  42.94562616 -078.73522952 20 102
110 1 0.00 45.0000 NE_TxiWays
111  42.93864398 -078.72609225
111  42.94032874 -078.72608485
112  42.94121529 -078.72600121  42.94135919 -078.72596357
111  42.94143266 -078.72580396
111  42.94284045 -078.72401908
111  42.94406537 -078.72241510
111  42.94526764 -078.72083525
112  42.94553484 -078.71963306  42.94557518 -078.71953508
112  42.94650888 -078.71836558  42.94656716 -078.71831659
111  42.94728144 -078.71801603
112  42.94790588 -078.71783970  42.94811752 -078.71791096
111  42.94820415 -078.71806081
111  42.94847030 -078.71844180
111  42.94810464 -078.71892187
112  42.94808282 -078.71871694  42.94803340 -078.71858983
112  42.94785109 -078.71840810  42.94773617 -078.71832672
111  42.94728996 -078.71883231
111  42.94685794 -078.71939157
112  42.94678497 -078.71995587  42.94696787 -078.72027684
111  42.94711418 -078.72022488
111  42.94662317 -078.72086772
112  42.94655986 -078.72042105  42.94641620 -078.72022918
111  42.94611879 -078.72039786
111  42.94572343 -078.72087844
111  42.94515188 -078.72163690
111  42.94484594 -078.72202455
112  42.94472698 -078.72230630  42.94472215 -078.72245537
111  42.94485662 -078.72262124
112  42.94505860 -078.72282480  42.94514384 -078.72283123
111  42.94514701 -078.72282908
111  42.94449735 -078.72367752
111  42.94436712 -078.72346804
111  42.94469046 -078.72305080
112  42.94440044 -078.72283176  42.94422398 -078.72279109
111  42.94404102 -078.72308360
111  42.94292136 -078.72460496
111  42.94204156 -078.72572328
112  42.94185162 -078.72603115  42.94186606 -078.72613963
111  42.94198343 -078.72627044
111  42.94210829 -078.72644069
112  42.94224074 -078.72657839  42.94227152 -078.72657672
111  42.94227919 -078.72656890
111  42.94182564 -078.72716904
112  42.94171642 -078.72668398  42.94155293 -078.72654955
111  42.94137585 -078.72667558
111  42.94110887 -078.72697707
111  42.94058923 -078.72761390
111  42.94005667 -078.72832235
112  42.94002275 -078.72837421  42.94000139 -078.72841735
111  42.94001670 -078.72848443
111  42.93998093 -078.72852994
111  42.93979838 -078.72820114
111  42.93968179 -078.72798399
111  42.93973240 -078.72793053
112  42.93977930 -078.72798492  42.93980717 -078.72798112
111  42.93982713 -078.72796572
111  42.94013642 -078.72757396
111  42.94054100 -078.72700581
112  42.94070616 -078.72667717  42.94067515 -078.72658128
111  42.94046093 -078.72659048
111  42.93948940 -078.72659758
112  42.93914532 -078.72661912  42.93907686 -078.72666868
113  42.93904202 -078.72681671
110 1 0.00 45.0000 NW_TxiWays
111  42.93847117 -078.73269966 3 102
111  42.94032754 -078.73270647 3 102
112  42.94069809 -078.73267977  42.94074639 -078.73259417 3 102
111  42.94072082 -078.73254782 3 102
111  42.94053914 -078.73220409 3 102
111  42.93994160 -078.73110431 3 102
112  42.93987318 -078.73099103  42.93986181 -078.73097072 3 102
111  42.93982005 -078.73096106 3
111  42.94007266 -078.73063131 3 102
112  42.94003580 -078.73079702  42.94004668 -078.73083170 3 102
111  42.94018180 -078.73107521 3 102
111  42.94087582 -078.73236789 3 102
112  42.94105839 -078.73255853  42.94111791 -078.73252030 3 102
111  42.94110723 -078.73216296 3 102
111  42.94110861 -078.73195782 3 102
111  42.94112682 -078.73170547 3
111  42.94134230 -078.73208790 3 102
112  42.94129658 -078.73237680  42.94128847 -078.73244241 3 102
111  42.94127111 -078.73256532 3 102
112  42.94125919 -078.73282474  42.94128280 -078.73286380 3 102
111  42.94166455 -078.73290602 3 102
112  42.94179505 -078.73291087  42.94181394 -078.73289883 3 102
111  42.94183425 -078.73285981 3
111  42.94212267 -078.73337661 3 102
112  42.94185167 -078.73326385  42.94187962 -078.73327933 3 102
111  42.94158889 -078.73319988 3 102
112  42.94144626 -078.73323963  42.94140403 -078.73331469 3 102
111  42.94150639 -078.73355430 3 102
111  42.94180138 -078.73401917 3 102
111  42.94193363 -078.73425143 3 102
111  42.94202146 -078.73443808 3 102
111  42.94229232 -078.73481842 3 102
112  42.94259952 -078.73494907  42.94273970 -078.73483331 3 102
111  42.94272220 -078.73448178 3
111  42.94312322 -078.73521822 3 102
112  42.94295785 -078.73521166  42.94289434 -078.73521106 3 102
111  42.94282613 -078.73529300 3 102
111  42.94274742 -078.73537695 3 102
112  42.94270695 -078.73543032  42.94269750 -078.73547131 3 102
111  42.94273355 -078.73551367 3 102
111  42.94265226 -078.73561268 3 102
111  42.94309584 -078.73641442 3 102
111  42.94354726 -078.73717514 3 102
111  42.94381849 -078.73772897 3 102
111  42.94398996 -078.73803824 3 102
111  42.94413187 -078.73830682 3 102
111  42.94416524 -078.73835473 3 102
112  42.94453970 -078.73840820  42.94470389 -078.73823811 3 102
111  42.94461119 -078.73792984 3
111  42.94492281 -078.73850207 3 102
112  42.94484558 -078.73848927  42.94478991 -078.73848236 3 102
111  42.94472681 -078.73858106 3 102
111  42.94465413 -078.73865471 3 102
111  42.94455214 -078.73874650 3 102
112  42.94448968 -078.73888701  42.94448715 -078.73896996 3 102
111  42.94451042 -078.73903121 3 102
111  42.94501622 -078.73992110 3 102
111  42.94606135 -078.74165610 3 102
112  42.94637091 -078.74174991  42.94658795 -078.74158875 3 102
111  42.94645205 -078.74130845 3
111  42.94676248 -078.74186720 3 102
112  42.94618012 -078.74218636  42.94586343 -078.74213653 3 102
111  42.94566133 -078.74155659 3 102
111  42.94525663 -078.74083202 3 102
111  42.94493082 -078.74026289 3
111  42.94459966 -078.73962372 3 102
111  42.94400098 -078.73850116 3 102
111  42.94374830 -078.73804884 3 102
111  42.94203743 -078.73493035 3 102
111  42.94105535 -078.73333799 3 102
112  42.94079095 -078.73311720  42.94063616 -078.73306629 3 102
111  42.94032292 -078.73300686 3 102
112  42.93921637 -078.73297504  42.93901716 -078.73298063 3 102
113  42.93826355 -078.73297966 3
110 2 0.25 45.0000 Mn_Term_CRmp
111  42.93170772 -078.73890031
111  42.93152307 -078.73862549
112  42.93156444 -078.73857696  42.93159140 -078.73852106
111  42.93148677 -078.73833406
111  42.93117240 -078.73787899
111  42.93154629 -078.73738863
111  42.93256196 -078.73612973
111  42.93222513 -078.73560297
111  42.93222484 -078.73526006
111  42.93257646 -078.73480055
111  42.93255864 -078.73464088
111  42.93273040 -078.73440581
111  42.93298092 -078.73405088
112  42.93314617 -078.73365731  42.93320926 -078.73362206
111  42.93329614 -078.73375071
111  42.93349698 -078.73348996
111  42.93499227 -078.73147987
111  42.93462393 -078.73128326
111  42.93699424 -078.72805424
111  42.93784473 -078.72943325
111  42.93677716 -078.73081911
111  42.93688854 -078.73098532
111  42.93392952 -078.73482113
113  42.93388754 -078.73596686
110 1 0.50 45.0000 Term_outer_asphalt
111  42.93438505 -078.72962181
111  42.93660824 -078.72670353
111  42.93846704 -078.72979855
111  42.93388805 -078.73597106
111  42.93376359 -078.73441002
113  42.93446986 -078.73096179
110 1 0.00 45.0000 N_GA_RAMP
111  42.94445716 -078.73484324
112  42.94500793 -078.73466224  42.94508493 -078.73453190
111  42.94500408 -078.73441548
111  42.94509472 -078.73432048
111  42.94522232 -078.73446218
112  42.94525322 -078.73446817  42.94531830 -078.73447438
112  42.94539043 -078.73433094  42.94540391 -078.73427573
111  42.94537863 -078.73417150
111  42.94501956 -078.73348111
111  42.94642933 -078.73200922
111  42.94800368 -078.73616580
111  42.94727043 -078.73668652
111  42.94688684 -078.73564783
111  42.94673846 -078.73525643
111  42.94643923 -078.73444466
111  42.94628375 -078.73406943
111  42.94592193 -078.73433237
111  42.94587557 -078.73423373
111  42.94579736 -078.73419880
111  42.94570180 -078.73427031
111  42.94549709 -078.73447319
112  42.94536354 -078.73472922  42.94536603 -078.73486470
113  42.94547953 -078.73487392
110 1 0.00 45.0000 FedX_PLot
111  42.93851251 -078.74290297
111  42.93851168 -078.74258878
111  42.93850937 -078.74171445
111  42.94066652 -078.74170381
113  42.94066967 -078.74289233
110 2 0.00 0.0000 USPS_Ramp
111  42.93648888 -078.73534184
111  42.93680797 -078.73491986 102
112  42.93680647 -078.73519006  42.93681685 -078.73524681 102
111  42.93698738 -078.73569779 102
111  42.93738064 -078.73657425 102
112  42.93751400 -078.73671592  42.93760488 -078.73674429
111  42.93751400 -078.73671592
112  42.93751400 -078.73671592  42.93756334 -078.73673720 102
111  42.93763995 -078.73668556 102
111  42.93784736 -078.73642553 102
111  42.93797655 -078.73660975 102
111  42.93770001 -078.73700953 102
112  42.93767584 -078.73733534  42.93776773 -078.73750831 102
111  42.93791742 -078.73732387 102
111  42.93816595 -078.73702962 102
111  42.93829899 -078.73726284 102
111  42.93810089 -078.73749865 102
112  42.93798700 -078.73779211  42.93801816 -078.73791624 102
111  42.93814207 -078.73799155 102
111  42.93849656 -078.73804036 102
111  42.93871483 -078.73809597 102
112  42.93900631 -078.73827685  42.93913254 -078.73843875 102
111  42.93916707 -078.73877582 102
111  42.93917254 -078.73915449 102
112  42.93922464 -078.73946855  42.93926569 -078.73957513 102
111  42.93937575 -078.73956409 102
111  42.93982974 -078.73956490 102
111  42.94017424 -078.73917894 102
111  42.94066764 -078.73919959
111  42.94066632 -078.74170670
111  42.93850937 -078.74171445
111  42.93850859 -078.74228404
111  42.93760171 -078.74230618
111  42.93761216 -078.73941227 102
111  42.93861786 -078.73945823 102
112  42.93878165 -078.73938328  42.93881662 -078.73928890 102
111  42.93879567 -078.73920525 102
111  42.93876552 -078.73899289 102
112  42.93870624 -078.73872978  42.93865171 -078.73868013 102
111  42.93836695 -078.73865417 102
112  42.93782721 -078.73845643  42.93778306 -078.73842375 102
111  42.93769516 -078.73826679 102
112  42.93762989 -078.73817870  42.93757017 -078.73819998 102
111  42.93751881 -078.73824643 102
111  42.93731828 -078.73852029 102
111  42.93718233 -078.73832760 102
111  42.93734521 -078.73810389 102
111  42.93747762 -078.73792281 102
112  42.93752048 -078.73762938  42.93745163 -078.73747602 102
111  42.93729650 -078.73754927 102
111  42.93718785 -078.73765718 102
111  42.93703788 -078.73784435 102
111  42.93690892 -078.73765412 102
111  42.93717680 -078.73729148 102
112  42.93724629 -078.73700802  42.93724110 -078.73687324 102
111  42.93716677 -078.73675586 102
111  42.93681124 -078.73585317 102
111  42.93671221 -078.73559399 102
114  42.93661489 -078.73540370  42.93657584 -078.73537862 102
110 2 0.00 45.0000 N_Fctry_Ramp
111  42.94455078 -078.73964629
111  42.94460100 -078.73962189
111  42.94499781 -078.74036935
111  42.94497106 -078.74060691
111  42.94459785 -078.74110424
111  42.94516724 -078.74243280
111  42.94517132 -078.74370280
111  42.94321152 -078.74371121
111  42.94320506 -078.73934152
111  42.94412500 -078.73932686
113  42.94429296 -078.73919374
130 Airport Boundary 1
111  42.92980930 -078.74238923
111  42.93073898 -078.73736534
111  42.93346784 -078.73277388
111  42.93416246 -078.73062987
111  42.93426932 -078.72937357
111  42.93638422 -078.72647069
111  42.93398075 -078.72221751
111  42.93375867 -078.72027679
111  42.93567591 -078.71826679
111  42.93665268 -078.71876097
111  42.94041456 -078.71653987
111  42.94210152 -078.71676484
111  42.94485899 -078.71946475
111  42.94909822 -078.71520342
111  42.95057246 -078.71795669
111  42.94666387 -078.72287030
111  42.94366841 -078.72680962
111  42.94114344 -078.72945269
111  42.94373942 -078.73403538
111  42.94633087 -078.73139072
111  42.94907189 -078.73771740
111  42.94838731 -078.74144416
111  42.94656857 -078.74364209
111  42.94145757 -078.74378205
111  42.93634026 -078.74393407
111  42.93328294 -078.74356852
113  42.93075046 -078.74414800
120 Linear Feature 24
111  42.93372227 -078.73544587 51 101
112  42.93390600 -078.73573208  42.93405597 -078.73579309 51 101
115  42.93421454 -078.73568589
120 Linear Feature 23
111  42.93370386 -078.73636201 51 101
112  42.93381631 -078.73608662  42.93383514 -078.73595749 51 101
115  42.93382622 -078.73583229
120 Linear Feature 21
111  42.93461774 -078.73488863 59
111  42.93427545 -078.73524261 59
112  42.93415028 -078.73526279  42.93409616 -078.73519478 59
111  42.93418050 -078.73508283 59
111  42.93440201 -078.73468521 59
111  42.93777287 -078.73031253 59
111  42.93801870 -078.73008589 59
112  42.93811181 -078.73007866  42.93815591 -078.73013663 59
111  42.93808499 -078.73022343 59
111  42.93789709 -078.73054375 59
115  42.93456261 -078.73495037
120 Linear Feature 20
111  42.93826229 -078.72969749 51 101
112  42.93808036 -078.72965021  42.93797443 -078.72965108 51 101
111  42.93787775 -078.72976899 51 101
111  42.93626838 -078.73201620 51 101
111  42.93384636 -078.73503627 51 101
112  42.93371756 -078.73540778  42.93373410 -078.73560233 51 101
115  42.93391480 -078.73608852
120 Linear Feature 19
111  42.93775792 -078.72741184 51 101
112  42.93730654 -078.72727185  42.93710073 -078.72726531 51 101
115  42.93671863 -078.72759180
120 Linear Feature 18
111  42.93685832 -078.72660587 51 101
112  42.93696504 -078.72622119  42.93696589 -078.72605186 51 101
115  42.93689908 -078.72583538
120 Linear Feature 16
111  42.93672365 -078.72775868 1
115  42.93670288 -078.72772057
120 Linear Feature 15
111  42.93671828 -078.72775930 1
111  42.93672645 -078.72776272 1
115  42.93672484 -078.72775066
120 Linear Feature 13
111  42.93669611 -078.72770921 1
115  42.93668863 -078.72769388
120 Linear Feature 12
111  42.93669791 -078.72767322 1
111  42.93669607 -078.72765766 1
115  42.93666344 -078.72769213
120 Linear Feature 11
111  42.93668283 -078.72773548 1
111  42.93670708 -078.72768493 1
115  42.93666728 -078.72770266
120 Linear Feature 10
111  42.93525819 -078.72947059 51
111  42.93529333 -078.72942678 51
111  42.93524972 -078.72935904 51
111  42.93517533 -078.72945441 51
113  42.93521759 -078.72952159 51
120 Linear Feature 8
111  42.93736777 -078.72809306 51 101
112  42.93722958 -078.72760062  42.93721618 -078.72734348 51 101
112  42.93722999 -078.72681497  42.93721069 -078.72659029 51 101
115  42.93715411 -078.72630437
120 Linear Feature 7
111  42.93737332 -078.72810525 51 101
112  42.93729623 -078.72753162  42.93736883 -078.72727932 51 101
115  42.93758497 -078.72708972
120 Linear Feature 6
111  42.93454903 -078.72943297 53
112  42.93450161 -078.72956702  42.93448061 -078.72962816 53
111  42.93449020 -078.72976508 53
115  42.93456047 -078.73050515
120 Linear Feature 5
111  42.93524638 -078.72937820 51
111  42.93524271 -078.72944851 51
115  42.93519253 -078.72945250
120 Linear Feature 4
111  42.93527328 -078.72941316 51
115  42.93521068 -078.72949492
120 TWY A1/K/K1
111  42.93740788 -078.72674877 51 101
112  42.93702239 -078.72651263  42.93692866 -078.72652770
111  42.93702239 -078.72651263
112  42.93702239 -078.72651263  42.93692866 -078.72652770 51 101
111  42.93685908 -078.72660509 51 101
111  42.93628284 -078.72735158 51 101
111  42.93466976 -078.72942902 51 101
112  42.93462897 -078.72989337  42.93475336 -078.73007412 51 101
111  42.93493296 -078.72990354 51 101
111  42.93534687 -078.72938297 51 101
111  42.93641020 -078.72797104 51 101
111  42.93671863 -078.72759180 51 101
112  42.93695683 -078.72756057  42.93709171 -078.72759833 51 101
111  42.93711502 -078.72764389 51 101
111  42.93826567 -078.72969918 51 101
112  42.93851775 -078.72979097  42.93862432 -078.72976133 51 101
115  42.93875579 -078.72968167
120 Terminalramptwydelineate
111  42.93461499 -078.73055638 59
111  42.93672250 -078.72777570 59
112  42.93683124 -078.72771578  42.93688716 -078.72773601 59
111  42.93691351 -078.72779293 59
111  42.93770673 -078.72914690 59
112  42.93777620 -078.72934180  42.93779144 -078.72946427 59
111  42.93769374 -078.72957347 59
111  42.93375207 -078.73470393 59
112  42.93358028 -078.73520978  42.93357234 -078.73551162 59
112  42.93363874 -078.73602831  42.93358496 -078.73625807 59
111  42.93346483 -078.73640692 59
115  42.93142604 -078.73913637
120 Linear Feature 1
111  42.94520073 -078.72280525 1
111  42.94524259 -078.72287128
111  42.94532551 -078.72276577 1
111  42.94532503 -078.72264814
111  42.94552463 -078.72239655 1
111  42.94552904 -078.72250218
111  42.94572092 -078.72224741 1
111  42.94572127 -078.72213394
111  42.94591571 -078.72188542 1
111  42.94591723 -078.72198660
111  42.94611611 -078.72172652 1
111  42.94611644 -078.72161630
111  42.94630946 -078.72135492 1
111  42.94631102 -078.72147194
111  42.94650597 -078.72121030 1
111  42.94650820 -078.72110813
111  42.94658008 -078.72100964 1
115  42.94661107 -078.72106521
120 Linear Feature 35
111  42.94441477 -078.73905109 59 103
112  42.94442485 -078.73877413  42.94444323 -078.73868141 51 101
115  42.94457242 -078.73855418
120 A1_Ds_epmarking
112  42.93784203 -078.72870957  42.93787042 -078.72875609 53
111  42.93836904 -078.72947606 53
112  42.93856168 -078.72952965  42.93862328 -078.72944020 53
111  42.93853578 -078.72925334 53
112  42.93818252 -078.72846280  42.93809987 -078.72829687 53
111  42.93766885 -078.72769112 53
112  42.93750849 -078.72765173  42.93744674 -078.72773668 53
113  42.93751723 -078.72792234 53
120 Linear Feature 5
111  42.93854655 -078.72929332 1
111  42.93850357 -078.72933097
111  42.93852272 -078.72939480 1
111  42.93857038 -078.72937629
111  42.93857833 -078.72945862 1
111  42.93853020 -078.72946117
111  42.93851244 -078.72947011 1
111  42.93851338 -078.72954542
111  42.93843254 -078.72952436 1
111  42.93845264 -078.72945096
111  42.93841012 -078.72939799 1
111  42.93836623 -078.72946110
111  42.93830567 -078.72937608 1
111  42.93834828 -078.72932247
111  42.93828739 -078.72923762 1
111  42.93824758 -078.72928817
111  42.93815242 -078.72915060 1
111  42.93819260 -078.72910401
111  42.93810141 -078.72896309 1
111  42.93806104 -078.72902053
111  42.93796703 -078.72888089 1
111  42.93800897 -078.72883002
111  42.93792423 -078.72869377 1
111  42.93787781 -078.72874799
111  42.93780225 -078.72859274 1
111  42.93785318 -078.72854806
111  42.93778474 -078.72839011 1
111  42.93773849 -078.72843031
111  42.93766685 -078.72827455 1
111  42.93771368 -078.72823154
111  42.93764505 -078.72806942 1
111  42.93760226 -078.72810251
111  42.93756125 -078.72801157 1
111  42.93760274 -078.72797941
111  42.93756181 -078.72788061 1
111  42.93752256 -078.72791507
111  42.93749151 -078.72780469 1
111  42.93753925 -078.72780536
111  42.93755350 -078.72771790 1
111  42.93750023 -078.72770028
111  42.93757200 -078.72762829 1
111  42.93756135 -078.72770565
111  42.93759948 -078.72773092 1
111  42.93763256 -078.72766352
111  42.93767966 -078.72772479 1
111  42.93763873 -078.72777611
111  42.93774077 -078.72791550 1
111  42.93777946 -078.72786342
111  42.93787982 -078.72800627 1
111  42.93784225 -078.72805758
111  42.93794037 -078.72820003 1
111  42.93797738 -078.72814872
111  42.93804043 -078.72834491 1
111  42.93807417 -078.72829620
111  42.93816773 -078.72844976 1
111  42.93813175 -078.72848486
111  42.93820511 -078.72864697 1
111  42.93824623 -078.72861123
111  42.93832148 -078.72878027 1
111  42.93827615 -078.72881409
111  42.93834764 -078.72898705 1
111  42.93839530 -078.72894876
111  42.93846943 -078.72911656 1
115  42.93842568 -078.72915866
120 Linear Feature 2
111  42.93922244 -078.72918900 51
112  42.93957354 -078.72876393  42.93983197 -078.72870822 51
115  42.94000486 -078.72905878
120 Linear Feature 9
111  42.93602469 -078.72021784 4 101
115  42.93870574 -078.72513600
120 Linear Feature 34
111  42.93070233 -078.74043029 58
112  42.93083670 -078.73995281  42.93091514 -078.73977882 58
115  42.93101870 -078.73967033
120 Linear Feature 33
111  42.93097864 -078.74138162 53
112  42.93085777 -078.74120340  42.93080777 -078.74111023 53
111  42.93075295 -078.74099171 53
112  42.93068859 -078.74049711  42.93070475 -078.74026821 53
111  42.93074333 -078.73932756 53
111  42.93118070 -078.73870120 53
111  42.93144078 -078.73870895 53
112  42.93160215 -078.73864473  42.93164627 -078.73857044 53
111  42.93159992 -078.73843242 53
111  42.93151489 -078.73829227 53
115  42.93148958 -078.73832547
120 Linear Feature 32
111  42.93383780 -078.73784756 53
112  42.93389405 -078.73770212  42.93391262 -078.73763044
111  42.93389405 -078.73770212
112  42.93389405 -078.73770212  42.93391262 -078.73763044 53
111  42.93392017 -078.73751004 53
111  42.93392351 -078.73675671 53
112  42.93384780 -078.73651275  42.93376033 -078.73643796 53
111  42.93365245 -078.73658466 53
111  42.93120885 -078.73991085 53
112  42.93105480 -078.74028391  42.93102722 -078.74035482 53
112  42.93102165 -078.74057409  42.93103313 -078.74066054 53
111  42.93107394 -078.74075959 53
115  42.93123868 -078.74104222
120 Linear Feature 29
111  42.93471635 -078.73665946 53
115  42.93425069 -078.73665374
120 Linear Feature 28
111  42.93420583 -078.73735459 53
112  42.93414184 -078.73732686  42.93411801 -078.73729814 53
111  42.93411979 -078.73723390 53
111  42.93411974 -078.73704900 53
112  42.93412598 -078.73681390  42.93413392 -078.73678007
111  42.93412598 -078.73681390
112  42.93412598 -078.73681390  42.93412598 -078.73681326 53
115  42.93415698 -078.73669686
120 Linear Feature 27
111  42.94126615 -078.73209269 1
111  42.94122039 -078.73200848
111  42.94121423 -078.73208117 1
115  42.94126971 -078.73202310
120 Linear Feature 26
111  42.94121453 -078.73256123 1 101
111  42.94117349 -078.73247300
111  42.94116138 -078.73254101 1 101
115  42.94122597 -078.73248586
120 Linear Feature 24
111  42.94264063 -078.73559156 53
112  42.94261447 -078.73546318  42.94262420 -078.73538871 53
111  42.94268763 -078.73531191 53
111  42.94277724 -078.73522627 53
111  42.94285741 -078.73514881 53
112  42.94298780 -078.73510189  42.94305724 -078.73511430 53
115  42.94308728 -078.73515744
120 Linear Feature 25
111  42.94096925 -078.73252133 53
112  42.94112461 -078.73273566  42.94119619 -078.73280557 53
115  42.94128019 -078.73283872
120 Linear Feature 23
111  42.94234078 -078.73502130 53
112  42.94245666 -078.73508587  42.94254868 -078.73510168 53
111  42.94262979 -078.73502631 53
112  42.94275967 -078.73477751  42.94277481 -078.73462356 53
115  42.94275585 -078.73455753
120 Linear Feature 21
111  42.93692325 -078.73379824 53
112  42.93677779 -078.73379543  42.93672568 -078.73373717 53
111  42.93672148 -078.73360637 53
111  42.93672514 -078.73296163 53
115  42.93755019 -078.73296077
120 Linear Feature 20
111  42.93497880 -078.72045343 53
111  42.93457617 -078.72087168 53
112  42.93444217 -078.72126682  42.93441054 -078.72152322 53
111  42.93451938 -078.72176762 53
111  42.93663271 -078.72560587 53
111  42.93679636 -078.72596259 53
112  42.93685044 -078.72616864  42.93685380 -078.72626973 53
111  42.93680587 -078.72640950 53
115  42.93678196 -078.72644420
120 Linear Feature 18
111  42.93668204 -078.72346195 53
112  42.93667808 -078.72349820  42.93667335 -078.72352125 53
111  42.93664520 -078.72354459 53
111  42.93606648 -078.72411374 53
111  42.93477686 -078.72159570 53
112  42.93471034 -078.72135858  42.93469881 -078.72123122 53
111  42.93480317 -078.72109934 53
111  42.93500684 -078.72088667 53
112  42.93517255 -078.72082139  42.93526449 -078.72083909 53
115  42.93527215 -078.72086584
120 Linear Feature 17
111  42.93811606 -078.72608367 53
112  42.93811942 -078.72616908  42.93811736 -078.72621103 53
111  42.93808876 -078.72624918 53
111  42.93781777 -078.72657537 53
112  42.93766630 -078.72664989  42.93758556 -078.72665525 53
111  42.93751009 -078.72656998 53
111  42.93700417 -078.72584614 53
111  42.93665658 -078.72514060 53
111  42.93642025 -078.72458554 53
112  42.93638806 -078.72444065  42.93637792 -078.72434001 53
111  42.93642771 -078.72424815 53
111  42.93669854 -078.72394669 53
112  42.93682417 -078.72389134  42.93690010 -078.72388868 53
115  42.93694902 -078.72393379
120 Linear Feature 16
111  42.93794833 -078.73243531 53
112  42.93764136 -078.73258855  42.93754843 -078.73260233 53
112  42.93734891 -078.73256325  42.93727262 -078.73253183 53
111  42.93721361 -078.73242338 53
112  42.93717485 -078.73221569  42.93717472 -078.73210941 53
111  42.93723621 -078.73196210 53
111  42.93749134 -078.73157771 53
111  42.93757813 -078.73143941 53
111  42.93834772 -078.73043250 53
111  42.93878936 -078.72992107 53
112  42.93898656 -078.72979645  42.93909834 -078.72980045 53
111  42.93917912 -078.72990735 53
111  42.93933984 -078.73018727 53
112  42.93940044 -078.73039087  42.93939987 -078.73049044 53
115  42.93937379 -078.73058277
120 Linear Feature 15
111  42.93983830 -078.72996394 53
112  42.93973714 -078.72997982  42.93968621 -078.72997536 53
111  42.93962785 -078.72990518 53
111  42.93939067 -078.72948750 53
112  42.93935598 -078.72927519  42.93936674 -078.72911089 53
112  42.93945113 -078.72902852  42.93948072 -078.72899395 53
112  42.93961290 -078.72896984  42.93968401 -078.72897532 53
115  42.93974293 -078.72904233
120 Linear Feature 14
111  42.94722430 -078.72027850 53
112  42.94705647 -078.72031119  42.94695528 -078.72030340 53
111  42.94686155 -078.72019566 53
111  42.94672003 -078.71999306 53
112  42.94663719 -078.71974642  42.94663906 -078.71957471 53
111  42.94671606 -078.71945090 53
111  42.94713997 -078.71889606 53
115  42.94765134 -078.71836697
120 Linear Feature 14
111  42.94765134 -078.71836697 53
112  42.94781158 -078.71829197  42.94790924 -078.71831097 53
111  42.94794877 -078.71837941
112  42.94794877 -078.71837941  42.94794877 -078.71837867 53
111  42.94809061 -078.71857425 53
112  42.94818549 -078.71885431  42.94818722 -078.71900390 53
115  42.94814522 -078.71905223
120 Linear Feature 13
111  42.94523969 -078.72288262 53
112  42.94509994 -078.72293745  42.94498836 -078.72294587 53
111  42.94493452 -078.72285870 53
111  42.94484336 -078.72273648 53
111  42.94474448 -078.72259662 53
112  42.94465960 -078.72228959  42.94467047 -078.72213540 53
111  42.94476014 -078.72201809 53
111  42.94574128 -078.72072317 53
111  42.94611783 -078.72030304 53
112  42.94626479 -078.72022666  42.94635562 -078.72021379 53
112  42.94650799 -078.72026834  42.94658088 -078.72031813 53
112  42.94671235 -078.72063167  42.94674538 -078.72088000 53
115  42.94664549 -078.72103531
120 Linear Feature 11
111  42.94237064 -078.72663900 53
112  42.94225567 -078.72669212  42.94219830 -078.72667899 53
111  42.94212155 -078.72658304 53
111  42.94181779 -078.72615488 53
112  42.94177516 -078.72600664  42.94178263 -078.72593260 53
111  42.94182166 -078.72588620 53
111  42.94406351 -078.72292436 53
112  42.94438462 -078.72274157  42.94456580 -078.72272965 53
111  42.94469226 -078.72291637 53
111  42.94472214 -078.72295657 53
112  42.94481153 -078.72324425  42.94481682 -078.72342453 53
115  42.94474925 -078.72352012
120 Linear Feature 10
111  42.93995641 -078.72846825 53
112  42.93995467 -078.72836744  42.93995923 -078.72833805 53
111  42.94001231 -078.72825803 53
111  42.94067062 -078.72738014 53
111  42.94099575 -078.72698515 53
112  42.94153956 -078.72651743  42.94174581 -078.72652816 53
112  42.94186578 -078.72676743  42.94188223 -078.72680318 53
112  42.94191666 -078.72709605  42.94189783 -078.72727086 53
115  42.94186709 -078.72731724
120 Linear Feature 9
111  42.93946345 -078.72853342 53
111  42.93908326 -078.72893204 53
112  42.93892049 -078.72898286  42.93883677 -078.72896638 53
111  42.93876934 -078.72888122 53
111  42.93829761 -078.72818030 53
111  42.93796137 -078.72737417 53
112  42.93793625 -078.72723505  42.93793353 -078.72716963 53
111  42.93794047 -078.72704975 53
112  42.93795536 -078.72692645  42.93796280 -078.72690811 53
111  42.93801815 -078.72684715 53
111  42.93826133 -078.72656994 53
112  42.93833109 -078.72655279  42.93837282 -078.72655994
111  42.93833109 -078.72655279
112  42.93833109 -078.72655279  42.93836331 -078.72656080 53
115  42.93840643 -078.72658710
120 Linear Feature 8
111  42.93973724 -078.72805751 53
112  42.93980506 -078.72807339  42.93986423 -078.72807604 53
111  42.93990206 -078.72802106 53
111  42.94073688 -078.72685815 53
112  42.94078153 -078.72667519  42.94077102 -078.72655499 53
111  42.94064130 -078.72651701 53
112  42.94026822 -078.72647603  42.94022851 -078.72647231 53
111  42.93921151 -078.72649223 53
112  42.93907802 -078.72656314  42.93903241 -078.72662989 53
115  42.93901656 -078.72676196
120 Linear Feature 7
111  42.94154518 -078.72581134 53
112  42.94124022 -078.72608010  42.94104604 -078.72617721 53
111  42.94051487 -078.72620040 53
111  42.93889427 -078.72622759 53
112  42.93878513 -078.72621726  42.93875346 -078.72620602 53
115  42.93870818 -078.72618302
120 Linear Feature 6
111  42.94535928 -078.72076110 53
112  42.94533306 -078.72087247  42.94531814 -078.72090710 53
111  42.94527389 -078.72095754 53
111  42.94179317 -078.72554242 53
111  42.94167101 -078.72567345 53
115  42.94154518 -078.72581134
120 Linear Feature 7
111  42.94094652 -078.73289626 51 101
111  42.94107712 -078.73293277 59 103
115  42.94130012 -078.73299578
120 Linear Feature 4
111  42.93933488 -078.72975596 59 103
112  42.93921414 -078.72947150  42.93920473 -078.72931791
111  42.93921414 -078.72947150
112  42.93921414 -078.72947150  42.93920473 -078.72931791 59 103
115  42.93922161 -078.72919791
120 Linear Feature 3
111  42.93933488 -078.72975596 59 103
112  42.93908100 -078.72957610  42.93897005 -078.72954203 59 103
115  42.93875579 -078.72968167
120 Linear Feature 2
111  42.93916649 -078.72915814 59 103
112  42.93895911 -078.72923855  42.93888706 -078.72924976 59 103
115  42.93876198 -078.72918344
120 Linear Feature 2
111  42.93158636 -078.73935742 6 101
111  42.93142604 -078.73913637 6 101
111  42.93102530 -078.73965680 6 101
115  42.93077287 -078.73929162
120 Linear Feature 5
111  42.94663858 -078.71970801 56
111  42.94645357 -078.71961247 56
111  42.94638363 -078.71950151 56
111  42.94677621 -078.71899602 56
115  42.94646202 -078.71855287
120 Linear Feature 10
111  42.93402152 -078.73667821 59 103
112  42.93403542 -078.73618233  42.93405028 -078.73601105 59 103
115  42.93412095 -078.73580904
120 TaxiLine_A
111  42.93190937 -078.74076387 51 101
112  42.93132547 -078.74129949  42.93115099 -078.74130135 51 101
111  42.93099781 -078.74106704 51 101
111  42.93086662 -078.74086740 59 103
112  42.93094990 -078.74003657  42.93114132 -078.73969295
111  42.93094990 -078.74003657
112  42.93094990 -078.74003657  42.93104561 -078.73986476 51 101
111  42.93165002 -078.73906034 51 101
111  42.93391370 -078.73608683 51 101
111  42.93412095 -078.73580904 51 101
111  42.93640088 -078.73280697 51 101
111  42.93662572 -078.73249396 51 101
111  42.93702953 -078.73194477 51 101
111  42.93875579 -078.72968167 59 103
111  42.93897377 -078.72939042 59 103
111  42.93916649 -078.72915814 51
111  42.94020060 -078.72781203 59 103
111  42.94048691 -078.72743482 51 101
111  42.94164988 -078.72589294 51 101
111  42.94411464 -078.72267321 51 101
111  42.94602566 -078.72008435 51 101
111  42.94752630 -078.71824701 51 101
112  42.94784950 -078.71806231  42.94802237 -078.71811342 59 103
111  42.94810841 -078.71824552 51 101
112  42.94832249 -078.71896445  42.94826697 -078.71923350 51 101
115  42.94811024 -078.71947210
120 TaxiLine_A2
111  42.93164917 -078.73839544
111  42.93358622 -078.73588334
115  42.93824042 -078.72970101
120 TL_MFA
111  42.93659615 -078.73466510 51
111  42.93661256 -078.73330786 59 103
111  42.93662214 -078.73274207 51 101
115  42.93662572 -078.73249396
120 TL_V
111  42.94602566 -078.72008435 51 101
112  42.94642732 -078.71995686  42.94661955 -078.72001453 59 103
111  42.94667199 -078.72012104 1
111  42.94677403 -078.72027772 1
112  42.94692549 -078.72088351  42.94684357 -078.72115862 1
115  42.94656898 -078.72152514
120 TL_B
111  42.94411464 -078.72267321 51 101
112  42.94444967 -078.72254952  42.94460545 -078.72258526 59 103
111  42.94468208 -078.72271117 1
111  42.94491215 -078.72304974 1
112  42.94493779 -078.72353584  42.94483541 -078.72380706 1
115  42.94464078 -078.72403857
120 TL_C
111  42.94135746 -078.72629672 59 103
112  42.94166074 -078.72625062  42.94175497 -078.72628883 59 103
111  42.94186688 -078.72642816 1
111  42.94202300 -078.72665186 1
112  42.94213849 -078.72715034  42.94211866 -078.72737798 1
115  42.94184336 -078.72772414
120 TaxiLine_D
111  42.93555369 -078.72093424 51 101
112  42.93515114 -078.72058673  42.93492592 -078.72063408 51 101
111  42.93470402 -078.72091620 59 103
112  42.93455440 -078.72124171  42.93450325 -078.72147186
111  42.93455440 -078.72124171
112  42.93455440 -078.72124171  42.93454162 -078.72129925 51 101
112  42.93453778 -078.72144498  42.93454961 -078.72152061 51 101
111  42.93459026 -078.72162136 51 101
111  42.93623621 -078.72462098 51 101
111  42.93642575 -078.72497925 51 101
111  42.93739937 -078.72674128 51 101
111  42.93758518 -078.72708450 51 101
111  42.93775792 -078.72741184 51 101
111  42.93790551 -078.72768420 51 101
111  42.93867094 -078.72909375 51 101
111  42.93876198 -078.72918344 59 101
111  42.93897398 -078.72939051 59 103
111  42.93933488 -078.72975596 51 101
111  42.94101183 -078.73281684 51 101
111  42.94189535 -078.73442671 51 101
111  42.94242677 -078.73537135 51 101
111  42.94388273 -078.73808740 51 101
111  42.94409245 -078.73846014 51 101
111  42.94493702 -078.74000779 51 101
111  42.94578404 -078.74153827 51 101
112  42.94646595 -078.74197739  42.94679113 -078.74169323 51 101
111  42.94660160 -078.74113313 51 101
112  42.94702442 -078.74138123  42.94726043 -078.74133347 51 101
115  42.94741903 -078.74105598
120 TL_RD
111  42.94409245 -078.73846014 59 103
112  42.94436384 -078.73861191  42.94453125 -078.73860475 51 101
111  42.94457242 -078.73855418 1 101
112  42.94479334 -078.73811975  42.94482071 -078.73782607 1 101
115  42.94472078 -078.73765767
120 Tln_DQ
111  42.94253507 -078.73555780 59 103
112  42.94256424 -078.73531678  42.94259038 -078.73523651 1
115  42.94270025 -078.73512789
120 TL_DQ_Q
111  42.94225245 -078.73506148 59 103
112  42.94249616 -078.73520068  42.94266510 -078.73523015 1
112  42.94292910 -078.73472972  42.94297292 -078.73451804 1
115  42.94283416 -078.73419887
120 Tln_LE
111  42.94101183 -078.73281684 59 103
112  42.94114006 -078.73294827  42.94117994 -078.73296093 59 103
111  42.94130012 -078.73299578 1
111  42.94168577 -078.73306922 1
112  42.94214813 -078.73317143  42.94227780 -078.73321781 1
115  42.94233597 -078.73334554
120 TaxiLineE
111  42.94110514 -078.73298748 51 101
112  42.94094652 -078.73289626  42.94087232 -078.73287509 51 101
111  42.94080318 -078.73286785 1 101
111  42.93953599 -078.73284712 1 101
111  42.93925128 -078.73284612 59 103
111  42.93892336 -078.73284285 51 101
111  42.93843514 -078.73281503 51 101
112  42.93723404 -078.73273481  42.93717689 -078.73273295 1 101
111  42.93710631 -078.73265175 59 103
112  42.93699454 -078.73239087  42.93697446 -078.73228421 59 103
111  42.93699008 -078.73217812 51 101
115  42.93702953 -078.73194477
120 Tln_EF
111  42.93697028 -078.73281457 59 103
111  42.93657260 -078.73281267 51 101
115  42.93640088 -078.73280697
120 TaxiLine_G
111  42.93540179 -078.73619886 51 101
112  42.93506834 -078.73649698  42.93498500 -078.73651137 51 101
111  42.93423105 -078.73651152 59 103
112  42.93407320 -078.73640129  42.93397371 -078.73628928 59 103
115  42.93391369 -078.73608567
120 Tln_H
111  42.93393829 -078.73810211 1
112  42.93400512 -078.73774034  42.93402501 -078.73755020 1
111  42.93402152 -078.73667821 59 103
112  42.93399256 -078.73636403  42.93397390 -078.73626927 59 103
115  42.93391369 -078.73608567
120 Tln_JK
111  42.93940740 -078.72635236 59 103
111  42.93981961 -078.72634508 1
115  42.94135746 -078.72629672
120 Linear Feature 6
111  42.93759054 -078.72707905 58 103
115  42.93787467 -078.72675743
120 Tln_DK
111  42.93775792 -078.72741184 59 103
112  42.93773745 -078.72705483  42.93776096 -078.72691215 59 103
111  42.93787445 -078.72675746 59 103
112  42.93770894 -078.72684535  42.93756619 -078.72688576 59 103
115  42.93739937 -078.72674128
120 TaxiLine_K1_K2
111  42.93653809 -078.72760481 59
111  42.93493221 -078.72972267 59
112  42.93474431 -078.72973930  42.93466950 -078.72962473 59
111  42.93479267 -078.72946662 59
111  42.93638057 -078.72735989 59
112  42.93656081 -078.72734931  42.93662970 -078.72744005 59
115  42.93653809 -078.72760481
120 Linear Feature 5
111  42.93557319 -078.72321922 6
115  42.93542138 -078.72338366
120 Tln_DU
111  42.93623621 -078.72462098 51
112  42.93621745 -078.72445591  42.93621573 -078.72441309 59 103
112  42.93626248 -078.72416421  42.93630112 -078.72405787 59 103
111  42.93638377 -078.72398508 1
111  42.93657043 -078.72379171 1
112  42.93695346 -078.72368081  42.93713253 -078.72378328 1
115  42.93737651 -078.72423980
120 TaxiLine_M
111  42.93902062 -078.73965069 51
111  42.93902221 -078.73906112 51
112  42.93889373 -078.73850357  42.93874664 -078.73833007 51
111  42.93829774 -078.73835275 51
112  42.93796587 -078.73829346  42.93785638 -078.73822536 51
111  42.93770136 -078.73781628 51
111  42.93736304 -078.73693192 51
111  42.93715138 -078.73640954 51
111  42.93685228 -078.73567984 51
111  42.93672326 -078.73533507 51
112  42.93660142 -078.73495807  42.93659302 -078.73479355 51
115  42.93659615 -078.73466510
120 Tln_M
111  42.93672326 -078.73533507 51
112  42.93639742 -078.73512214  42.93620279 -078.73511613 51
115  42.93609171 -078.73527359
120 TxiLine_P
111  42.94741903 -078.74105598 1
112  42.94749286 -078.74089493  42.94751651 -078.74080966 1
111  42.94751486 -078.74051128 1
111  42.94751785 -078.74026713 1
111  42.94751250 -078.73988610 1
112  42.94746568 -078.73839148  42.94746311 -078.73827920 1
112  42.94741555 -078.73798609  42.94738682 -078.73790711
111  42.94741555 -078.73798609
112  42.94741555 -078.73798609  42.94740598 -078.73795571 1
112  42.94732819 -078.73773752  42.94730322 -078.73765954 1
111  42.94724918 -078.73753690 1
111  42.94661178 -078.73593183 1
111  42.94644238 -078.73548635 1
112  42.94609557 -078.73461585  42.94602689 -078.73442603 1
115  42.94620206 -078.73424850
120 Tln_P3
111  42.94446981 -078.73495643 1
112  42.94483143 -078.73495949  42.94492273 -078.73495411 1
111  42.94550911 -078.73433286 1
111  42.94588160 -078.73396634 1
115  42.94613977 -078.73369472
120 RW14_Hld
111  42.94093344 -078.73027298 54
115  42.94059964 -078.73061499
120 RH_P
111  42.94736348 -078.74096551 4
115  42.94746171 -078.74113038
120 RH_Q
111  42.94408976 -078.73485773 4
115  42.94409025 -078.73503692
120 RH_M
111  42.93693482 -078.73553323 4 103
115  42.93674141 -078.73568257
120 RH_Ase
111  42.93076444 -078.74099975 4
115  42.93103165 -078.74064696
120 RH_H
111  42.93391959 -078.73668247 4
115  42.93419467 -078.73668371
120 RH_G
111  42.93423174 -078.73666482 4
111  42.93423077 -078.73644183 4
115  42.93437083 -078.73623001
120 Linear Feature 22
111  42.93645415 -078.73439310 53
112  42.93649891 -078.73429518  42.93651372 -078.73423497 53
111  42.93651157 -078.73414257 53
111  42.93651327 -078.73319855 53
112  42.93644157 -078.73303628  42.93637231 -078.73299994 53
111  42.93625444 -078.73318115 53
111  42.93491526 -078.73494178 53
111  42.93434297 -078.73575407 53
112  42.93427845 -078.73598301  42.93428193 -078.73610923 53
112  42.93433582 -078.73619007  42.93435475 -078.73622331 53
112  42.93450808 -078.73628827  42.93461943 -078.73629884 53
111  42.93477265 -078.73628350 53
112  42.93498231 -078.73622936  42.93506892 -078.73618426 53
115  42.93513242 -078.73612311
120 RH_F
111  42.93650994 -078.73331334 4
115  42.93672256 -078.73331241
120 RH_J
111  42.93940579 -078.72622043 4
115  42.93940664 -078.72648983
120 RH_A
111  42.94012961 -078.72771353 4
115  42.94026901 -078.72791157
120 RH_C
111  42.94174891 -078.72659057 4
115  42.94193919 -078.72633389
120 RH_B
111  42.94461308 -078.72282471 4
115  42.94475484 -078.72262151
120 RH_V
111  42.94654390 -078.72029551 4
115  42.94673906 -078.72003550
120 RH_Ane
111  42.94796130 -078.71841446 4
115  42.94816738 -078.71815573
120 RH_Dse
111  42.93480666 -078.72109680 4
115  42.93464294 -078.72080494
120 RH_U
111  42.93648529 -078.72416351 4
115  42.93632852 -078.72388412
120 RH_K
111  42.93796562 -078.72690379 4
115  42.93778581 -078.72661305
120 RH_E
111  42.93698440 -078.73295709 4
111  42.93698474 -078.73282061 4
115  42.93724642 -078.73246769
120 RH_E
111  42.93892692 -078.73268635 4
115  42.93892155 -078.73298653
120 RH_D
111  42.93917215 -078.72995907 4
115  42.93946454 -078.72960960
120 RH_D
111  42.94021574 -078.73113933 4
115  42.94006418 -078.73132381
120 RH_A
111  42.93935545 -078.72924268 4
111  42.93917659 -078.72917775 4
115  42.93906159 -078.72895024
120 RH_E
111  42.94146042 -078.73321483 4
111  42.94129275 -078.73298612 4
115  42.94130038 -078.73285256
120 RH_Q
111  42.94264121 -078.73537119 4
111  42.94248923 -078.73526143 4
115  42.94248973 -078.73508851
120 RH_R
111  42.94449579 -078.73881695 4
111  42.94436973 -078.73869850 4
115  42.94437062 -078.73847229
120 RH_Dnw
111  42.94624923 -078.74220492 4
115  42.94626072 -078.74181936
120 Linear Feature 1
111  42.94844810 -078.71853221 53
112  42.94810772 -078.71806661  42.94809881 -078.71805647 53
112  42.94784762 -078.71793042  42.94770236 -078.71792559 53
111  42.94752733 -078.71799382 53
111  42.94659867 -078.71842392 53
112  42.94653491 -078.71846301  42.94651303 -078.71848375 53
111  42.94648491 -078.71852392 53
111  42.94561813 -078.71966490 53
112  42.94558244 -078.71972061  42.94557556 -078.71974392 53
111  42.94556704 -078.71978565 53
115  42.94535928 -078.72076110
120 Linear Feature 1
111  42.93875579 -078.72968167 51 101
112  42.93876576 -078.72945086  42.93876576 -078.72932541 51 101
115  42.93866965 -078.72909253
120 Linear Feature 17
111  42.93671863 -078.72759180 51 101
112  42.93716009 -078.72695378  42.93724882 -078.72667420 51 101
115  42.93715411 -078.72630437
120 Linear Feature 22
111  42.93787775 -078.72976899 51 101
112  42.93796843 -078.72941650  42.93796710 -078.72924095 51 101
115  42.93792087 -078.72908514
120 Linear Feature 11
111  42.93787467 -078.72675743 51
112  42.93823855 -078.72641991  42.93844370 -078.72631632 51
115  42.93863158 -078.72654520
21  42.94563829 -078.73843313 2 126.7500 3.00 14  PAPI-4L
21  42.93776417 -078.72587621 2 306.7700 3.00 32  PAPI-4L
21  42.93408186 -078.73880116 2 44.0000 3.00 RWY 5 PAPI
21  42.94555658 -078.72367317 3 224.0000 3.00 RWY  23 PAPI
20  42.94030508 -078.73108041 129.7200 0 3 {@R}5-23{@L}D{@@}D
20  42.93962801 -078.73293741 360.0000 0 3 {@L}E{@@}{@L}E
20  42.93731802 -078.73237903 -51.3200 0 3 {@L}E{@R}05-23{@@,@L}E{@Y,^l}A{^r}
20  42.93698082 -078.73309696 1.0300 0 3 {@L}E{@R}05-23{@@,@L}E
20  42.93893087 -078.73257606 180.0000 0 3 {@L}E{@R}5-23{@@,@L}E
20  42.94013035 -078.73252346 360.0000 0 3 {@L}E{@Y,^l}D{^r,@@,@L}E
20  42.94377158 -078.73824121 310.0000 0 3 {@L}D{@@}{@L}D
20  42.94227310 -078.73555181 215.9500 0 3 {@Y,^l}D{^r}
20  42.94050777 -078.73248621 310.0000 0 3 {@Y,^l}E{@L}D{@@}D{@Y}E{^r}
20  42.94411656 -078.73459397 180.0000 0 3 {@L}Q{@R}14-32{@@,@L}Q
20  42.94750664 -078.74118852 225.0000 0 3 {@R}14-32{@L}P{@@}P
20  42.94732099 -078.74088347 225.0000 0 3 {@R}14-32{@L}P{@@}P
20  42.94349428 -078.73437893 169.0000 0 3 {@R}14-32{@@}{@L}Q
20  42.94249552 -078.73487828 0.6100 0 3 {@R}14-32{@L}D3{@Y}Q{^u,@@,@L}D3{@Y,^l}D{^r}
20  42.94277131 -078.73546400 38.1600 0 3 {@R}14-32{@L}D3{@Y}Q{^u,@@,@L}D3{@Y,^l}D{^r}
20  42.94625581 -078.74162528 360.0000 0 3 {@R}14-32{@L}D1{@Y,^u}P{@@,@L}D1
20  42.94437797 -078.73827434 360.0000 0 3 {@R}14-32{@L}D2{@@}D2{@Y,^l}D{^r}
20  42.94133379 -078.73266410 2.4200 0 3 {@R}14-32{@L}D4{@@}D4
20  42.94155189 -078.73335215 2.4200 0 3 {@R}14-32{@L}D4{@@}D4
20  42.94105092 -078.73195365 75.0000 0 3 {@R}14-32{@@}{@L}L
20  42.93980434 -078.72787413 180.0000 0 3 {@R}14-32{@@,@L}A
20  42.93898364 -078.72878064 37.5300 0 3 {@R}14-32{@L}A{@@}A
20  42.93941916 -078.72601093 180.0000 0 3 {@R}14-32{@@}{@L}J
20  42.93767218 -078.72643255 44.3000 0 3 {@R}14-32{@L}D5{@@}D5
20  42.93807542 -078.72706707 43.9100 0 3 {@L}D5{@R}14-32{@@,@L}D5
20  42.93622613 -078.72370980 39.4700 0 3 {@R}14-32{@L}D6{@@}D6
20  42.93655829 -078.72434327 39.4700 0 3 {@L}D6{@R}14-32{@@,@L}D6
20  42.93455099 -078.72063149 40.3600 0 3 {@R}14-32{@L}D7{@@}D7
20  42.93489845 -078.72127247 40.3600 0 3 {@L}D7{@R}14-32{@@,@L}D7
20  42.93426064 -078.73678702 -81.1100 0 3 {@Y,^l}H__G{^r}
20  42.93381518 -078.73668088 270.0000 0 3 {@L}H{@R}5-23{@@,@L}H
20  42.93447545 -078.73579435 221.8700 0 3 {@Y}{^lu}A{@Y}{^u}A2{@Y}{^rd}A
20  42.93444699 -078.73612551 -33.6900 0 3 {@R}5-23{@L}G{@@}G
20  42.93670626 -078.73573339 118.0600 0 3 {@R}5-23{@L}M{@@}M
20  42.93701800 -078.73547630 120.0000 0 3 {@Y,^lu}F{@L}M{@@}M
20  42.93287614 -078.73778889 224.0000 0 3 {@L}A{@@}{@L}A
20  42.93641063 -078.73329757 270.0000 0 3 {@L}F{@R}5-23{@@,@L}F
20  42.93682865 -078.73329757 270.0000 0 3 {@R}5-23{@L}F{@@}F
20  42.93929221 -078.73033272 290.0000 0 3 {@L}D{@@}D
20  42.94197977 -078.72617491 -49.2900 0 3 {@R}23-5{@L}C{@@}C
20  42.94166750 -078.72668620 -49.2900 0 3 {@L}C{@R}23-5{@@,@L}C
20  42.94480232 -078.72246729 -48.5100 0 3 {@R}5-23{@L}B{@@}B
20  42.94452290 -078.72292391 -48.5100 0 3 {@L}B{@R}5-23{@@,@L}B
20  42.94678315 -078.71988849 -44.9100 0 3 {@R}23-5{@L}V{@@}V
20  42.94645891 -078.72038496 -44.9100 0 3 {@L}V{@R}23-5{@@,@L}V
20  42.94824472 -078.71802960 310.6800 0 3 {@R}23-5{@L}A{@@}A
20  42.94788126 -078.71850949 310.6800 0 3 {@L}A{@R}23-5{@@,@L}A
20  42.94633707 -078.72034759 40.0000 0 3 {@Y,^l}V{@L}A{@@}A
20  42.94430448 -078.72288955 40.0000 0 3 {@Y,^l}B{@L}A{@@}A
20  42.94679916 -078.71953771 48.2600 0 3 {@L}A{@@}{@L}A
20  42.94682814 -078.73603864 300.0000 0 3 {@L}P{@@}P
20  42.94734560 -078.73950875 90.0000 0 3 {@L}P{@@}P
20  42.94723678 -078.73802201 275.0000 0 3 {@L}P{@@}P
20  42.94599912 -078.73526116 295.0000 0 3 {@L}P{@@}{@L}P
20  42.94535156 -078.72166647 45.0000 0 3 {@L}A{@@}{@L}A
20  42.94297346 -078.72469580 45.0000 0 3 {@L}A{@@}{@L}A
20  42.94134149 -078.72676207 45.0000 0 3 {@Y,^l}C{@L}A{@@}A
20  42.93671775 -078.72607283 310.0000 0 3 {@Y}{^l}K{@L}D{@@}{@L}D
20  42.93584453 -078.72442215 310.0000 0 3 {@L}D{@@}{@L}D
20  42.93758399 -078.72636686 130.0000 0 3 {@L}D{@@}D
20  42.93773324 -078.72798569 134.0000 0 3 {@L}D{@@,@Y}D{^rd}
20  42.93769405 -078.72804457 134.0000 0 3 {@L}A1{@Y,^rd,@@,^ld}A1
20  42.93829185 -078.72918977 43.2700 0 3 {@L}A1{@@}A1
20  42.93850314 -078.72943266 43.2700 0 3 {@L}A{@Y,^lu}D{^r,@@,@L}A{@Y,^l}D{^r}
20  42.93846699 -078.72935459 134.0000 0 3 {@Y}A1{^ru,@@,@L}A1{@Y,^l}A{^r}D{^ru}
20  42.93808003 -078.72885279 134.0000 0 3 {@L}A1{@@}A1
20  42.93815281 -078.72736038 130.0000 0 3 {@L}D{@@}D
20  42.93715456 -078.72560581 130.0000 0 3 {@L}D{@@}{@L}D
20  42.93566047 -078.72310635 130.0000 0 3 {@L}D{@@}{@L}D
20  42.93879356 -078.73007973 45.0000 0 3 {@L}A{@Y}A1{^r,@@,^l}A1{@L}A
20  42.93552992 -078.73445232 48.0000 0 3 {@L}A{@@}{@L}A
20  42.93109393 -078.74056250 270.0000 0 3 {@R}5-23{@L}A{@@}A
20  42.93350122 -078.73699130 48.0000 0 3 {@L}A{@Y}{^ru}A2{@@}{@L}A
20  42.93165312 -078.73942117 48.0000 0 3 {@L}A{@@}A
20  42.94107218 -078.73017519 125.0000 0 3 {@Y}LAHSO
20  42.94051496 -078.73074752 127.3300 0 3 {@L}LAHSO
20  42.94057740 -078.73330299 180.0000 0 3 {@L}E{@@}E
20  42.93910153 -078.73003427 310.0000 0 3 {@L}D{@R}05-23
20  42.93956748 -078.72943637 310.0000 0 3 {@R}5-23{@L}D
14  42.93996384 -078.71968521 823.49 0 New Tower Viewpoint 11
1300  42.93258127 -078.73505292  82.00 gate heavy|jets|turboprops 1 - International Charters
1301 D airline 
1300  42.93295992 -078.73475185  90.00 gate heavy|jets|turboprops 2 - OneJet / International Charters
1301 D airline 
1300  42.93320790 -078.73478015 180.00 gate jets|turboprops 2A - NFTA
1301 C airline 
1300  42.93342313 -078.73424551 160.00 gate jets|turboprops 3 - American
1301 D airline aal
1300  42.93366933 -078.73379379 155.00 gate jets|turboprops 4 - American
1301 D airline aal
1300  42.93401219 -078.73338863 155.00 gate jets|turboprops 5 - American
1301 D none aal
1300  42.93442299 -078.73289848 168.00 gate jets|turboprops 6 - American
1301 D airline aal
1300  42.93480988 -078.73239298 140.00 gate jets 7 - JetBlue
1301 D airline jbu
1300  42.93508799 -078.73200567 140.00 gate jets 8 - JetBlue
1301 E airline jbu
1300  42.93540275 -078.73163895 140.00 gate jets|turboprops 10 - United
1301 D airline ual
1300  42.93563251 -078.73133143 150.00 gate jets|turboprops 12 - United
1301 D airline ual
1300  42.93594671 -078.73081453 136.91 gate jets 15 - Southwest
1301 D airline swa
1300  42.93625047 -078.73053326 140.00 gate jets 16 - Southwest
1301 D airline swa
1300  42.93649890 -078.73015494 140.00 gate jets 18 - Southwest
1301 D airline swa
1300  42.93676983 -078.72982659 150.00 gate jets 20 - Delta
1301 D airline dal
1300  42.93695956 -078.72958564 180.00 gate jets 22 - Delta
1301 D airline dal
1300  42.93695437 -078.72922929 180.00 gate jets|turboprops 24 - NFTA
1301 D airline 
1300  42.93693708 -078.72897097 245.00 gate jets|turboprops 26 - NFTA
1301 D airline 
1300  42.93663949 -078.72891198 282.00 gate jets 25-Delta
1301 D airline dal
1300  42.93642728 -078.72919686 320.00 gate jets 23 - Delta
1301 D airline dal
1300  42.93608914 -078.72963732 320.00 gate jets|turboprops 21 -NFTA
1301 D airline 
1300  42.93588101 -078.72975297 345.00 gate jets|turboprops 19 - NFTA
1301 D airline 
1300  42.93554815 -078.73042580 320.00 gate jets|turboprops 14 - United
1301 D airline ual
1300  42.93533048 -078.73071357 320.00 gate jets 11- Frontier
1301 D airline fft
1300  42.93511773 -078.73099115 320.00 gate jets|turboprops 9 - NFTA
1301 D airline 
1300  42.93833681 -078.74125590 270.00 gate heavy|jets|turboprops Air_Cargo
1301 C cargo 
1300  42.94450348 -078.74024671   0.00 tie_down jets|turboprops Exec_AirShare
1301 C general_aviation 
1300  42.94709678 -078.73437019 210.00 gate jets|props GA  Hngr
1301 C general_aviation 
18  42.94074849 -078.73582708 1 BCN
19  42.93580474 -078.73434710 1 Windsock
19  42.94214700 -078.73408100 1 Windsock
50 13535 ATIS
52 12470 CLNC DEL
53 13320 GND
54 12050 TWR
50 12615 APP/DEP
1000 RW5_VFR_Calm
1001 KBUF 060 080 3
1002 KBUF 2000
1003 KBUF 3.0
1101 05 left
1100 05  13300 arrivals|departures heavy|jets|turboprops|props|helos 049051 050050 Arr,Dep Rwy 05
1000 IVFR_RW5_Flow
1001 KBUF 000 100 999
1002 KBUF 50
1003 KBUF 1.3
1101 05 left
1100 05  13300 arrivals|departures jets|turboprops|props|helos 050058 054054 Arr,Dep Rwy 05
1000 IVFR_RW23_Flow
1001 KBUF 170 280 999
1002 KBUF 0
1003 KBUF 0.0
1101 23 left
1100 23  13300 arrivals|departures heavy|jets|turboprops|props|helos 230238 234234 Arr,Dep Rwy 23
1000 IVFR_RW32_FLOW
1001 KBUF 280 360 999
1002 KBUF 0
1003 KBUF 0.0
1101 32 left
1100 32  13300 arrivals|departures heavy|jets|turboprops|props|helos 000000 000000 RW32_N0Calm_use
1000 RW14_Flow
1001 KBUF 100 170 999
1002 KBUF 0
1003 KBUF 0.0
1101 14 left
1100 14  13300 arrivals|departures heavy|jets|turboprops|props|helos 000000 000000 RW14_USE
1200 
1201  42.94698056 -078.72090772 both 0 5-23_stop
1201  42.93191804 -078.74077361 both 1 5-23_start
1201  42.93394867 -078.73809837 both 2 5-23_start(split)
1201  42.93649654 -078.73473065 both 3 5-23_start(split)
1201  42.93795732 -078.73276817 both 4 5-23_start(split)
1201  42.93975826 -078.73047062 both 5 5-23_start(split)
1201  42.93997016 -078.73019196 both 6 5-23_start(split)(split)
1201  42.94630268 -078.74065007 both 7 14-32_stop
1201  42.93577420 -078.72129993 both 8 14-32_start
1201  42.93700705 -078.72359461 both 9 14-32_start(split)
1201  42.93856486 -078.72637890 both 10 14-32_start(split)
1201  42.93973631 -078.72854765 both 11 14-32_start(split)
1201  42.94001809 -078.72907838 both 12 14-32_start(split)(split)
1201  42.94035769 -078.72968431 both 13 14-32_start(split)
1201  42.94065648 -078.73024267 both 14 14-32_start(split)(split)
1201  42.94073737 -078.72918502 both 15 14-32_start(split)(split)
1201  42.94217880 -078.72728997 both 16 14-32_start(split)(split)
1201  42.94485896 -078.72378239 both 17 14-32_start(split)(split)
1201  42.94121563 -078.73126740 both 18 14-32_start(split)(split)
1201  42.94231152 -078.73324672 both 19 14-32_start(split)(split)
1201  42.94323942 -078.73496005 both 20 14-32_start(split)(split)
1201  42.94471929 -078.73767838 both 21 14-32_start(split)(split)(split)
1201  42.94772954 -078.71999950 both 22 A_stop
1201  42.94795119 -078.71954098 both 23 A_stop
1201  42.94843206 -078.71897362 both 24 A_stop
1201  42.94806821 -078.71830052 both 25 A_stop
1201  42.94777931 -078.71810199 both 26 A_stop
1201  42.94711498 -078.71880075 both 27 A_stop
1201  42.94629133 -078.71970456 both 28 A_stop
1201  42.94423278 -078.72269488 both 29 A_stop
1201  42.94126064 -078.72630347 both 30 A_stop
1201  42.94013665 -078.72793360 both 31 A_start
1201  42.93928839 -078.72902717 both 32 A_stop
1201  42.93849134 -078.73005299 both 33 A_stop
1201  42.93899372 -078.72938524 both 34 A_stop(split)
1201  42.93663385 -078.73247049 both 35 A_stop
1201  42.93693789 -078.73213049 both 36 A_stop(split)
1201  42.93451577 -078.73523424 both 37 A_stop
1201  42.93391644 -078.73605342 both 38 A_stop
1201  42.93202082 -078.73853217 both 39 A_stop
1201  42.93171251 -078.73894709 both 40 A_stop
1201  42.93128383 -078.73949387 both 41 A_stop
1201  42.93083082 -078.74000780 both 42 A_start
1201  42.93140132 -078.74146321 both 43 A_stop
1201  42.93087357 -078.74086466 both 44 A_stop
1201  42.93823991 -078.72962279 both 45 A1_stop
1201  42.93377463 -078.73514317 both 46 A2_stop
1201  42.93309292 -078.73568114 both 47 A3_stop
1201  42.93377094 -078.73498532 both 48 A3_stop
1201  42.93498487 -078.73350374 both 49 A3_stop
1201  42.94446629 -078.72300528 both 50 B_start
1201  42.94173897 -078.72656564 both 51 C_start
1201  42.94666693 -078.74135935 both 52 D_stop
1201  42.94663074 -078.74175220 both 53 D_stop
1201  42.94009654 -078.73109075 both 54 D_stop
1201  42.94101893 -078.73281124 both 55 D_stop
1201  42.94117801 -078.73311039 both 56 D_stop
1201  42.94240173 -078.73531931 both 57 D_stop
1201  42.94405410 -078.73832381 both 58 D_stop
1201  42.94512834 -078.74030333 both 59 D_stop
1201  42.94459721 -078.73935102 both 60 D_stop(split)
1201  42.94554116 -078.74113114 both 61 D_stop
1201  42.94574970 -078.74153196 both 62 D_stop
1201  42.94618263 -078.74202651 both 63 D_start
1201  42.93468147 -078.72099698 both 64 D_stop
1201  42.93457360 -078.72149995 both 65 D_stop
1201  42.93492201 -078.72218248 both 66 D_stop
1201  42.93614950 -078.72446312 both 67 D_stop
1201  42.93757470 -078.72700466 both 68 D_stop
1201  42.93939855 -078.72981118 both 69 D_start
1201  42.93555635 -078.72094328 both 70 D_stop
1201  42.93513404 -078.72052340 both 71 D_stop
1201  42.94415454 -078.73953031 both 72 D1_stop
1201  42.94442621 -078.73952758 both 73 D1_stop
1201  42.94449413 -078.73945663 both 74 D1_stop
1201  42.93711018 -078.73265401 both 75 E_start
1201  42.93885409 -078.73286199 both 76 E_stop
1201  42.93893558 -078.73287048 both 77 E_stop
1201  42.94146634 -078.73303663 both 78 E_start
1201  42.93661797 -078.73328307 both 79 F_start
1201  42.93417634 -078.73646551 both 80 G_stop
1201  42.93506969 -078.73646605 both 81 G_stop
1201  42.93542929 -078.73614040 both 82 G_start
1201  42.93403528 -078.73672361 both 83 H_stop
1201  42.93402674 -078.73739316 both 84 H_stop
1201  42.93933286 -078.72637385 both 85 J_start
1201  42.93827667 -078.72633908 both 86 K_start
1201  42.93786118 -078.72674952 both 87 unnamed entity(split)
1201  42.93662996 -078.72701214 both 88 K1_stop
1201  42.93486964 -078.72940715 both 89 K1_stop
1201  42.93474972 -078.72957014 both 90 K_stop
1201  42.93479277 -078.72988489 both 91 K_stop
1201  42.93506998 -078.72994484 both 92 K_stop
1201  42.93698140 -078.72752142 both 93 K_stop
1201  42.94114417 -078.73231992 both 94 L_start
1201  42.94112381 -078.73297583 both 95 L_start(split)
1201  42.93667576 -078.73517103 both 96 M_stop
1201  42.93683438 -078.73562852 both 97 M_stop
1201  42.93767125 -078.73758251 both 98 M_stop
1201  42.93801292 -078.73821917 both 99 M_stop
1201  42.93861046 -078.73832058 both 100 M_stop
1201  42.93886370 -078.73848418 both 101 M_stop
1201  42.93904957 -078.73867547 both 102 M_stop
1201  42.93834478 -078.74098397 both 103 M_stop
1201  42.93859423 -078.73968981 both 104 M_stop
1201  42.93903930 -078.73971172 both 105 M_stop
1201  42.94034534 -078.73970066 both 106 M_start
1201  42.94772242 -078.73539843 both 107 P2_stop
1201  42.94733093 -078.73565797 both 108 P2_stop
1201  42.94682376 -078.73548325 both 109 P2_stop
1201  42.94784651 -078.73672001 both 110 P1_stop
1201  42.94680728 -078.73336501 both 111 P_stop
1201  42.94649706 -078.73400878 both 112 P_stop
1201  42.94601889 -078.73439117 both 113 P_stop
1201  42.94653559 -078.73571660 both 114 P_stop
1201  42.94708817 -078.73714575 both 115 P_stop
1201  42.94733520 -078.73768689 both 116 P_stop
1201  42.94744876 -078.73806268 both 117 P_stop
1201  42.94751180 -078.74079680 both 118 P_stop
1201  42.94661342 -078.74111630 both 119 P_stop
1201  42.94702442 -078.74138123 both 120 P_stop
1201  42.94742295 -078.74104897 both 121 P_start
1201  42.94622826 -078.73494842 both 122 Q_stop
1201  42.94497049 -078.73500378 both 123 Q_stop
1201  42.94384850 -078.73497841 both 124 Q_stop
1201  42.94267066 -078.73514356 both 125 Q_start
1201  42.94432306 -078.73813045 both 126 R_start
1201  42.93641496 -078.72403742 both 127 U_start
1201  42.94669847 -078.72016791 both 128 V_stop
1202 13 15 twoway runway 05/23
1204 departure 05,14,23,32
1204 arrival 05,14,23,32
1204 ils 05,14,23,32
1202 15 16 twoway runway 05/23
1204 departure 05,23
1204 arrival 05,23
1204 ils 05,23
1202 16 17 twoway runway 05/23
1204 departure 05,23
1204 arrival 05,23
1204 ils 05,23
1202 17 0 twoway runway 05/23
1204 departure 05,23
1204 arrival 05,23
1204 ils 05,23
1202 1 2 twoway runway 05/23
1204 departure 05,23
1204 arrival 05,23
1204 ils 05,23
1202 2 82 twoway runway 05/23
1204 departure 05,23
1204 arrival 05,23
1204 ils 05,23
1202 82 3 twoway runway 05/23
1204 departure 05,23
1204 arrival 05,23
1204 ils 05,23
1202 3 4 twoway runway 05/23
1204 departure 05,23
1204 arrival 05,23
1204 ils 05,23
1202 4 5 twoway runway 05/23
1204 departure 05,23
1204 arrival 05,23
1204 ils 05,23
1202 5 6 twoway runway 05/23
1204 departure 05,23
1204 arrival 05,23
1204 ils 05,23
1202 6 13 twoway runway 05/23
1204 departure 05,14,23,32
1204 arrival 05,14,23,32
1204 ils 05,14,23,32
1202 8 9 twoway runway 14/32
1204 departure 14,32
1204 arrival 14,32
1204 ils 14,32
1202 9 10 twoway runway 14/32
1204 departure 14,32
1204 arrival 14,32
1204 ils 14,32
1202 10 11 twoway runway 14/32
1204 departure 14,32
1204 arrival 14,32
1204 ils 14,32
1202 11 12 twoway runway 14/32
1204 departure 14,32
1204 arrival 14,32
1204 ils 14,32
1202 12 13 twoway runway 14/32
1204 departure 05,14,23,32
1204 arrival 05,14,23,32
1204 ils 05,14,23,32
1202 13 14 twoway runway 14/32
1204 departure 05,14,23,32
1204 arrival 05,14,23,32
1204 ils 05,14,23,32
1202 14 18 twoway runway 14/32
1204 departure 14,32
1204 arrival 14,32
1204 ils 14,32
1202 18 19 twoway runway 14/32
1204 departure 14,32
1204 arrival 14,32
1204 ils 14,32
1202 19 20 twoway runway 14/32
1204 departure 14,32
1204 arrival 14,32
1204 ils 14,32
1202 20 21 twoway runway 14/32
1204 departure 14,32
1204 arrival 14,32
1204 ils 14,32
1202 21 7 twoway runway 14/32
1204 departure 14,32
1204 arrival 14,32
1204 ils 14,32
1202 11 31 twoway taxiway_E A
1204 departure 14,32
1204 arrival 14,32
1202 32 11 twoway taxiway_E A
1204 departure 14,32
1204 arrival 14,32
1202 22 0 twoway taxiway_E A
1204 departure 05,23
1204 arrival 05,23
1202 23 22 twoway taxiway_E A
1204 departure 05,23
1204 arrival 05,23
1202 24 23 twoway taxiway_E A
1204 departure 05,23
1204 arrival 05,23
1202 25 24 twoway taxiway_E A
1204 departure 05,23
1204 arrival 05,23
1202 26 25 twoway taxiway_E A
1202 27 26 twoway taxiway_E A
1202 28 27 twoway taxiway_E A
1202 29 28 twoway taxiway_E A
1202 30 29 twoway taxiway_E A
1202 31 30 twoway taxiway_E A
1202 33 34 twoway taxiway_E A
1202 34 32 twoway taxiway_E A
1202 35 36 twoway taxiway_E A
1202 36 33 twoway taxiway_E A
1202 37 35 twoway taxiway_E A
1202 38 37 twoway taxiway_E A
1202 39 38 twoway taxiway_E A
1202 40 39 twoway taxiway_E A
1202 41 40 twoway taxiway_E A
1202 42 41 twoway taxiway_E A
1202 43 1 twoway taxiway_E A
1204 departure 05,23
1204 arrival 05,23
1202 44 43 twoway taxiway_E A
1204 departure 05,23
1204 arrival 05,23
1202 42 44 twoway taxiway_E A
1204 departure 05,23
1204 arrival 05,23
1202 45 93 twoway taxiway_E A1
1202 33 45 twoway taxiway_E A1
1202 46 45 twoway taxiway_E A2
1202 38 46 twoway taxiway_E A2
1202 48 47 twoway taxiway_E A3
1202 46 48 twoway taxiway_E A3
1202 48 49 twoway taxiway_E A3
1202 50 17 twoway taxiway_E B
1204 departure 05,23
1204 arrival 05,23
1202 50 29 twoway taxiway_E B
1202 51 16 twoway taxiway_E C
1204 departure 05,23
1204 arrival 05,23
1202 51 30 twoway taxiway_E C
1202 5 69 twoway taxiway_E D
1204 departure 05,23
1204 arrival 05,23
1202 54 5 twoway taxiway_E D
1204 departure 05,23
1204 arrival 05,23
1202 52 7 twoway taxiway_E D
1204 departure 14,32
1204 arrival 14,32
1202 53 52 twoway taxiway_E D
1204 departure 14,32
1204 arrival 14,32
1202 63 53 twoway taxiway_E D
1204 departure 14,32
1204 arrival 14,32
1202 55 54 twoway taxiway_E D
1202 56 55 twoway taxiway_E D
1202 57 56 twoway taxiway_E D
1202 58 57 twoway taxiway_E D
1202 59 60 twoway taxiway_E D
1202 60 58 twoway taxiway_E D
1202 61 59 twoway taxiway_E D
1202 62 61 twoway taxiway_E D
1202 63 62 twoway taxiway_E D
1202 65 64 twoway taxiway_E D
1202 66 65 twoway taxiway_E D
1202 67 66 twoway taxiway_E D
1202 68 67 twoway taxiway_E D
1202 34 68 twoway taxiway_E D
1202 69 34 twoway taxiway_E D
1202 70 8 twoway taxiway_E D
1204 departure 14,32
1204 arrival 14,32
1202 71 70 twoway taxiway_E D
1204 departure 14,32
1204 arrival 14,32
1202 64 71 twoway taxiway_E D
1204 departure 14,32
1204 arrival 14,32
1202 73 72 twoway taxiway_E D1
1202 74 73 twoway taxiway_E D1
1202 60 74 twoway taxiway_E D1
1202 4 76 twoway taxiway_E E
1204 departure 05,23
1204 arrival 05,23
1202 75 4 twoway taxiway_E E
1204 departure 05,23
1204 arrival 05,23
1202 75 36 twoway taxiway_E E
1202 77 76 twoway taxiway_E E
1202 55 77 twoway taxiway_E E
1202 95 55 twoway taxiway_E E
1202 78 95 twoway taxiway_E E
1202 78 19 twoway taxiway_E E
1204 departure 14,32
1204 arrival 14,32
1202 79 3 twoway taxiway_E F
1204 departure 05,23
1204 arrival 05,23
1202 79 35 twoway taxiway_E F
1202 80 38 twoway taxiway_E G
1202 81 80 twoway taxiway_E G
1204 departure 05,23
1204 arrival 05,23
1202 82 81 twoway taxiway_E G
1204 departure 05,23
1204 arrival 05,23
1202 83 38 twoway taxiway_E H
1202 84 83 twoway taxiway_E H
1204 departure 05,23
1204 arrival 05,23
1202 2 84 twoway taxiway_E H
1204 departure 05,23
1204 arrival 05,23
1202 30 85 twoway taxiway_E J
1202 85 10 twoway taxiway_E J
1204 departure 14,32
1204 arrival 14,32
1202 86 10 twoway taxiway_E K
1204 departure 14,32
1204 arrival 14,32
1202 88 93 twoway taxiway_E K1
1202 89 88 twoway taxiway_E K1
1202 90 89 twoway taxiway_E K1
1202 91 90 twoway taxiway_E K
1202 92 91 twoway taxiway_E K
1202 93 92 twoway taxiway_E K
1202 68 93 twoway taxiway_E K
1202 86 87 twoway taxiway_E K
1204 departure 14,32
1204 arrival 14,32
1202 87 68 twoway taxiway_E K
1202 94 95 twoway taxiway_E L
1202 95 56 twoway taxiway_E L
1202 94 18 twoway taxiway_E L
1204 departure 14,32
1204 arrival 14,32
1202 96 3 twoway taxiway_E M
1204 departure 05,23
1204 arrival 05,23
1202 97 96 twoway taxiway_E M
1204 departure 05,23
1204 arrival 05,23
1202 98 97 twoway taxiway_E M
1202 99 98 twoway taxiway_E M
1202 100 99 twoway taxiway_E M
1202 101 100 twoway taxiway_E M
1202 102 101 twoway taxiway_E M
1202 105 102 twoway taxiway_E M
1202 104 103 twoway taxiway_E M
1202 105 104 twoway taxiway_E M
1202 106 105 twoway taxiway_E M
1202 108 107 twoway taxiway_E P2
1202 109 108 twoway taxiway_E P2
1202 114 109 twoway taxiway_E P2
1202 115 110 twoway taxiway_E P1
1202 112 111 twoway taxiway_E P
1202 113 112 twoway taxiway_E P
1202 122 113 twoway taxiway_E P
1202 114 122 twoway taxiway_E P
1202 115 114 twoway taxiway_E P
1202 116 115 twoway taxiway_E P
1202 117 116 twoway taxiway_E P
1202 118 117 twoway taxiway_E P
1202 121 118 twoway taxiway_E P
1202 119 7 twoway taxiway_E P
1204 departure 14,32
1204 arrival 14,32
1202 120 119 twoway taxiway_E P
1204 departure 14,32
1204 arrival 14,32
1202 121 120 twoway taxiway_E P
1204 departure 14,32
1204 arrival 14,32
1202 123 122 twoway taxiway_E Q
1202 124 123 twoway taxiway_E Q
1202 57 125 twoway taxiway_E Q
1202 20 124 twoway taxiway_E Q
1204 departure 14,32
1204 arrival 14,32
1202 125 20 twoway taxiway_E Q
1204 departure 14,32
1204 arrival 14,32
1202 21 126 twoway taxiway_E R
1204 departure 14,32
1204 arrival 14,32
1202 58 126 twoway taxiway_E R
1202 67 127 twoway taxiway_E U
1202 127 9 twoway taxiway_E U
1204 departure 14,32
1204 arrival 14,32
1202 128 0 twoway taxiway_E V
1204 departure 05,23
1204 arrival 05,23
1202 28 128 twoway taxiway_E V
99
